603999
603810
300775
300629
603226
002530
603936
688289
002330
301004
600983
002156
688075
301032
603589
600714
002797
603650
002534
688359
300224
301212
000792
600998
600743
600513
000078
605001
000501
688037
600172
000995
601816
002640
688195
601956
600283
601212
300080
603506
600812
301186
002709
601609
300500
688005
601901
001323
601827
600520
002413
000882
605183
601990
300658
300865
002461
600169
300905
002937
600033
600368
603156
002857
301266
300210
600908
002881
600959
300114
688349
601512
601828
688008
688772
300084
300546
300290
603713
600123
000157
300468
603823
300236
300229
601166
300033
300069
603393
603638
601000
688388
002928
603209
000550
688004
300616
688070
002478
000419
002024
605255
688208
002840
300849
603800
000631
300537
000100
002207
603963
002201
300391
300942
605555
000509
300782
300128
603269
688139
601965
600284
300947
600892
601226
002362
002164
603036
000055
002372
002041
002130
000766
301089
002986
603977
600568
688078
000925
002537
600647
301181
600958
600333
300863
300786
000691
603299
600419
002074
002063
600681
000159
600737
600578
002858
000885
002654
000514
300383
603629
688787
000532
002183
603628
002532
300183
300085
601198
600637
605222
300279
300768
600234
000798
600179
603217
603212
603317
688033
002628
301237
300075
300685
688597
000965
300479
603611
600864
002735
603206
002115
600167
601099
301180
300093
002652
002936
000555
002553
301130
300773
300498
603976
600320
000571
301126
000504
300660
301021
300437
603968
603214
600855
688236
002813
600638
600862
300330
600791
603958
300501
300239
002001
600785
688315
301107
000716
688183
600218
300497
688580
601865
600195
600935
603477
603828
300411
001896
600939
688302
300313
002180
600208
300408
688007
300966
002772
600571
600050
000408
002184
300348
600644
300266
002440
002618
002135
300268
605199
002976
603698
603123
300998
300665
002462
603868
600717
600872
002098
301085
688668
600048
601318
300992
300618
002439
300242
300049
688200
688331
000738
688687
002488
605337
688303
300353
603637
000060
000739
000816
600498
300413
600801
002062
603105
603829
300324
600105
605376
603825
603180
600733
600686
600889
600736
003013
600258
600588
605123
600536
000090
000969
000428
600028
600897
601567
688656
605198
600796
605100
300584
600452
601949
300664
603283
300044
002311
601717
300022
603058
600956
000004
001226
688086
002375
002301
603879
603528
002733
600597
601111
600197
002888
300293
002402
300741
002389
002905
600135
600160
300072
600753
300958
688215
600391
300320
601127
003041
300043
002014
600421
300796
688092
300076
600831
002343
002838
300401
600783
603266
300091
002269
301060
002252
300020
603658
603666
300819
600313
603866
000880
600206
300164
300927
000629
605303
002467
300169
000666
002955
002385
000788
300496
301016
300038
002431
600890
688238
601899
300931
603229
600125
002666
300977
601011
300159
000567
301298
600518
000982
301046
300045
301031
600439
600202
603039
000868
688639
002762
688501
300050
002274
002643
000619
002012
300475
002111
603948
603303
601799
301087
002067
002547
000570
300277
002686
300257
002141
688379
603256
600085
300707
605188
688048
600052
688606
000962
600106
600501
600458
301055
601921
000056
002846
300604
603583
603118
300987
300821
600816
300917
002677
600311
002548
000850
300850
605077
000985
000902
300859
600390
300763
002966
600521
300860
002009
002213
688425
300774
603988
000005
600630
300364
002761
002985
688601
002408
001313
300915
603500
300352
002770
002782
002551
002850
002262
600593
300193
300678
000518
002003
002391
300738
002635
605009
600403
688685
002415
300851
000401
002897
603388
002106
600642
002328
000978
600678
300675
688177
002727
300100
300397
300237
002456
600848
600225
600967
603639
300946
002033
688046
600288
688160
603630
300746
688265
002200
300209
300789
688299
300089
002520
600120
000960
300844
603683
000903
300483
688181
002619
300613
600481
300718
301012
600742
601628
601727
000536
603939
300748
603767
300109
002325
600091
301081
002601
002126
000981
002349
603817
300378
688223
301049
603486
300765
300240
000488
603887
300686
300536
000783
300495
603535
300367
603789
600261
603100
600562
605151
002860
002125
002124
600336
603316
688393
600720
600828
603966
600312
603290
301122
002558
603236
002452
603676
605368
002275
300179
000728
002171
600189
603056
002832
603755
688036
300729
003017
600693
603158
688798
300499
002510
603261
002305
300014
603059
002605
002617
601319
603679
688198
300911
301182
002633
002421
002798
600397
002977
300894
603986
688131
600705
603608
300151
603798
603579
002314
300836
688065
688191
600793
001203
002136
688578
300340
603177
300609
002223
000683
600725
603612
601211
300488
301228
300923
000014
600823
003035
002825
601966
600152
002406
300776
603300
300096
688039
601998
002853
300252
000955
002641
688737
002280
000753
002636
002878
600734
300866
300493
002039
000707
600560
300010
002388
603023
002310
688116
600558
002298
002197
603929
002907
301133
000697
300766
300113
603055
301279
600503
688365
300144
300553
300960
688619
002960
002932
603890
300513
301077
688621
605266
600863
600373
601222
300509
300672
002805
600530
002276
688466
600829
600652
300980
300724
300477
600689
000627
300407
300490
301011
301183
300835
600004
688278
600289
603032
600903
000099
688536
300176
300799
603776
688718
600759
002168
000812
002179
601377
603161
600527
600346
300335
600031
603808
605287
002552
688367
600609
002926
002047
600814
688162
688003
601878
688088
002490
000782
603165
688282
002386
300951
300528
002692
000028
600854
002582
688080
000803
300712
300961
300105
001288
300026
600635
688598
688109
301101
301166
688111
000026
603926
600838
603697
000831
300287
600219
002324
601677
003042
600026
300640
000777
002352
300125
002644
600339
603328
002405
300571
603682
003018
688135
603788
688508
603598
688237
301135
300620
603357
301201
603011
605358
300870
688227
600529
002140
003040
600382
688313
002988
002812
301035
600511
600018
300452
600084
600963
688096
000687
300385
688296
002810
688069
000606
605117
600545
601579
000727
300928
600232
603319
600577
000926
688395
603309
600757
002697
002203
002498
603339
600856
000937
600098
603392
600078
603040
688339
688335
601518
002377
002016
688618
002176
603228
002472
600623
603129
002151
300055
600622
600250
603007
688266
688689
300831
002119
300689
000705
600073
603906
300549
000009
300146
603380
002953
600275
300174
002920
001219
600835
002662
600966
603538
300384
603626
300219
688180
301048
600559
603869
600139
603218
600300
600690
002828
600586
300118
601618
688056
601919
603051
300793
301263
600308
000811
002763
300896
300031
000521
300610
600837
601218
301090
603018
000027
300688
688006
300520
603738
603950
000989
300525
688777
002717
603878
000911
002816
603458
600067
300062
300817
002569
300405
688617
688281
603222
301106
603618
000048
603515
002851
688768
300063
000626
002466
000862
300198
301075
301226
600231
603508
300770
002790
000156
300351
601700
600321
600784
300625
000767
002664
300560
003039
300131
300871
600483
601615
600769
002792
603338
688575
600130
002661
603389
600355
603615
600833
688052
601928
002120
002131
688311
600249
002629
300429
300991
600180
688696
688700
600711
603619
000801
002583
002675
600905
603709
603656
300120
688613
600884
002322
000560
002163
600273
002807
600745
300178
301099
300624
301088
002627
002607
000589
300140
000900
603121
000166
000733
002353
600676
605389
601216
000557
600278
002474
300813
300337
300226
002527
688398
301118
002217
600380
300566
603187
603048
600088
002967
600280
300621
300311
300199
002013
002282
600992
603356
301286
002065
300510
688350
605055
002272
000534
002428
300168
600385
000682
002288
688609
300428
002231
300677
003816
603897
603681
002637
605028
300949
601619
301045
601018
600955
000709
301041
002348
002150
300018
300317
688222
002647
300983
000809
600115
300545
600512
000635
000695
003030
300241
300441
601665
002381
002706
688100
002603
600767
603578
000790
300785
600062
300414
603333
002278
601020
603657
301030
000673
002424
603138
603037
301047
603687
600377
300472
300419
002739
002198
600875
600433
300975
002981
600805
002848
301119
300634
002817
601686
600488
300691
603086
000758
002820
688083
300095
000023
603178
300462
600269
603097
002893
002958
000802
603398
600704
300141
002499
002475
300644
688133
002034
301061
002212
600986
000563
002417
000791
603507
000592
000963
002329
300588
688118
300443
300830
601399
001217
600228
688560
688682
003003
000008
002712
002590
002759
000553
002437
605086
688521
300706
000652
000729
603661
002263
002696
300926
605196
002261
605296
688161
002774
300692
601568
601162
600094
300567
002544
300115
300110
002169
603908
000049
002432
688201
002497
300149
300056
000823
000425
300227
600076
000968
002442
601158
300086
000819
300781
603797
601633
600016
601698
301051
002094
001216
600476
688011
002849
300160
000922
000633
600748
600657
688107
002938
002356
300282
600379
300315
600756
688188
300743
300538
300036
600738
600882
603115
688267
601838
300344
002829
300572
605580
002947
300346
002747
600661
002004
002594
300461
002575
000685
605499
002700
000151
601333
601808
603080
002469
002489
300962
002502
300522
300107
301052
301177
300592
601702
000973
688368
300273
002946
688189
600569
600980
600792
002901
002865
600987
002426
600538
300485
301013
601872
603915
688680
301136
600109
601688
600188
601139
601279
601728
688325
600110
000413
002170
000415
002323
301108
002620
002129
002117
300886
601069
002312
603020
300684
603813
300581
603882
600323
300937
300512
002755
605136
300450
301256
600470
002175
002898
301092
603855
603718
600112
600265
002526
300518
603188
600226
002939
600406
001296
000877
688113
002326
300331
300112
300395
300393
000058
002338
300527
300175
603577
300071
300264
002242
000011
603103
603586
300887
600418
600928
002997
002229
002050
300913
601088
000622
300471
688519
300288
300301
603918
301072
300997
603386
601877
300597
300936
603662
600248
300469
002766
688312
300307
002550
000096
300455
002663
603609
000735
301120
603167
600771
002962
688051
002879
600209
600827
002833
300366
603348
301033
688112
600667
688318
002689
300415
600089
688025
688739
300879
688066
002040
600359
002010
002177
600200
301098
002077
600010
300066
600362
300970
600305
600475
002822
600929
300651
000975
688468
603730
000638
300823
600857
600165
603387
301066
000505
002255
300696
603238
601199
002160
600315
000718
300308
688212
301059
300325
002089
300702
002145
601577
601186
301238
002458
603225
300306
003019
300514
600096
601298
300892
002181
300557
600858
002259
002931
002580
601155
000895
300420
688658
301216
300453
000420
300213
300971
300867
600057
688779
300502
600561
000762
600617
300116
600777
600773
300822
600526
300238
600122
688408
688206
603323
002309
600145
300875
002982
601801
688511
603099
688179
601778
301169
000818
300903
601229
603017
603501
300171
688091
300445
002999
688121
600794
300570
300323
600982
603799
002919
002346
600229
001211
601898
000869
002277
600223
002511
300358
003011
301137
600183
600598
301020
688102
603025
002038
603090
600153
600679
300255
300735
300298
605099
600422
688517
002909
301138
600168
002910
002265
002579
600850
002975
300808
605008
300187
002441
000513
688248
603183
002133
300612
688168
600933
300214
600961
600116
600582
603278
301257
603150
301093
300333
002642
000785
300593
002144
300039
603678
300406
600327
301188
600097
601997
600722
600114
002064
600968
688123
600268
688319
300040
300996
603779
002870
601890
002245
001215
000070
600549
601006
600517
603050
688221
600818
688317
603703
600371
002199
300338
603029
002731
300745
002384
002159
600663
600671
600579
000676
002760
603677
600266
300602
601881
300595
300963
603068
002515
600556
603859
603019
300121
002332
600171
000686
002591
300122
002308
603601
000918
601021
300142
300153
688059
300715
002054
605218
688186
688561
600533
300858
003038
603722
603861
601968
600282
002855
002799
000826
600989
300360
688766
002031
300070
600543
600552
688622
002228
600660
002892
002022
300381
002673
000032
600162
688571
600965
300589
605599
300082
002429
300548
300299
600184
000409
002021
600499
688117
600643
600426
002357
603489
300467
300435
688138
002658
300705
002757
000155
300967
688251
300067
000301
000920
688032
002002
000952
600126
603268
688345
300529
300377
688027
002006
002101
000533
601368
003043
000611
600338
603896
000890
300424
002394
601555
002674
600585
688665
600688
300403
600735
300788
002716
002941
002555
601336
002087
002422
300590
000859
601028
600393
688698
600602
300098
300751
688085
688217
002026
603990
001696
601086
301009
300561
000796
000029
600703
300447
002253
600626
002371
300846
300152
600358
002096
000719
600332
002042
300221
000825
300539
600099
002435
603815
300990
002781
002240
003006
000830
688150
688290
300627
688355
601777
600975
600462
601375
603721
000158
601519
002995
002100
300011
300984
002080
603379
688126
002559
600011
000059
603580
300938
600335
000793
300233
300001
001872
300869
300659
002793
601985
688173
002606
688499
600770
603607
600880
000338
688360
300025
600976
300824
688358
300890
000036
002206
300127
600455
600281
603106
300605
600293
002153
300256
300336
002293
002980
603213
002306
688509
000590
000034
603889
002079
002742
300180
002725
688259
603305
600522
002215
002614
605056
000030
002358
002182
605366
600570
600199
000901
300247
600600
001210
300232
002831
002318
688681
300965
002639
002752
300543
002876
301027
301222
002529
002699
600360
002449
002485
300840
600815
300486
002546
603665
002344
300259
601089
000935
600594
300464
688128
002500
688262
300827
300845
600766
000731
600000
601007
601288
300173
000525
300511
002092
000065
300143
000761
600583
600156
002027
600460
600750
300192
688071
600459
300541
688148
002321
603938
603179
301097
000616
601077
002416
600874
002623
001965
601718
002693
002708
002113
600566
600066
688555
688678
300981
601952
300802
603117
600378
300061
601636
600740
600684
600230
300004
003021
601666
002724
600493
300163
002005
300386
001209
300309
000524
000655
300908
603008
600438
000998
603367
300350
002902
300188
600596
688261
600510
301218
688295
003028
002632
300680
603919
002045
688793
002473
300392
002670
000807
002968
603045
603289
000703
688676
300842
002084
301109
600619
001309
300425
603602
002172
300245
300882
600399
603232
000905
002779
603366
003002
603330
002345
000586
300740
600363
002824
002554
600537
003037
600376
688418
300322
603087
300137
000561
300540
600790
688257
603912
600381
002118
600285
600182
002929
000948
301196
605365
000881
600580
600389
300668
000933
603012
603306
600220
688246
002236
002335
002237
600927
002646
603856
301163
300806
600683
688630
000861
000667
300559
002007
603077
688330
600713
300421
605128
300798
300006
300663
300440
002519
600519
003016
688002
601933
300417
300064
002989
000558
688778
301080
000795
603089
300777
300047
000996
002250
601200
000815
300059
600361
688981
000967
688608
600212
002645
002214
300795
600613
000584
000042
002058
301289
605005
603585
002935
600136
300606
300117
688529
600595
600825
601958
603126
603127
002194
300032
601328
688377
002703
000591
002672
600551
002564
002073
600340
000875
605566
300275
600721
300280
688021
603826
002147
300448
688366
002337
000407
605333
300217
002872
600531
600658
000585
301200
000951
301028
603888
002659
002249
300371
600192
300969
600800
003001
600330
605398
688082
301128
000701
300347
300732
003004
603195
601177
600395
300009
300244
002189
000552
605189
000657
002331
002051
300521
002922
300941
002493
301125
601360
688690
002961
301082
603063
002380
603960
300404
000938
300201
600310
300587
002299
300291
688120
605268
603233
603181
002837
003012
000600
600191
688125
600326
600190
300614
600900
300815
603113
000429
300709
300341
603997
688626
600056
300884
000768
603216
002023
002393
300530
603536
603790
000958
603663
301040
605069
000736
603599
600083
605060
001207
002728
600650
603527
300005
002292
688590
600148
000690
002748
301100
002224
000423
300343
600668
600064
002649
000957
301288
300533
603116
001213
688235
300828
000710
300312
002066
002567
002625
600132
002933
605108
002146
002090
605007
300223
603353
688260
301025
603555
002783
600487
300753
300368
600599
300196
000737
600079
600645
002480
600257
300382
603171
300526
300158
301103
301149
603712
600694
603067
605111
300278
300701
300769
300873
605050
688187
601003
600901
002749
002608
300687
300204
600695
600177
603660
601010
000913
605166
000987
300473
001201
605567
300053
002091
300893
600898
000516
000852
002650
600233
000601
601860
301005
603166
300637
600259
002786
002279
600873
300596
300359
600836
688283
301071
688009
002138
600995
603863
002602
688105
300132
688488
600082
603351
300848
300594
002738
605277
688577
000700
600061
600370
002694
002339
603377
600550
603360
600819
300657
603970
300762
002411
600055
603267
300711
300200
002132
603590
603110
300099
688258
300254
600990
688611
002088
688255
603221
002596
601601
603337
002873
300046
601038
600095
002192
002032
002225
603368
002771
688055
300139
300551
603967
603112
600375
301193
600509
603728
002347
300600
603818
603533
300985
603053
002593
001267
002227
300081
603603
300982
003033
601989
002998
688819
600775
000609
600006
688047
300973
301219
000537
300017
000564
300586
000820
601117
600715
301018
600648
002906
002142
300491
688156
002655
300945
603848
000001
600215
002379
300708
603530
000899
600117
002167
688087
002258
300690
000546
300332
002957
603192
601789
002809
301096
605090
600277
603669
002287
605178
002505
002685
600210
300631
603176
300683
300398
603399
600802
601992
600797
000883
002651
000917
300024
300761
002871
300434
300717
600352
603833
300547
300661
688589
600292
601995
002036
600926
002570
300021
002536
002513
600186
000757
600468
301111
300964
300106
603517
603157
600405
002149
600535
301167
300154
601100
688153
600618
600639
600636
300756
603219
002208
603916
605089
601228
002562
301083
000858
301008
000016
600764
301229
300185
002471
688026
600201
600027
002476
002818
600398
603311
002830
600463
600916
600584
301117
002364
000980
000910
002736
300601
002268
603693
300642
603931
603985
002970
300002
002918
002254
300052
300829
300389
688158
300285
600798
603860
603095
603701
600396
002446
601888
688314
002681
300234
000919
300671
300267
002839
000692
605068
605336
600698
688301
600193
003023
603809
300048
000541
600008
603466
688058
300484
000970
688163
301178
301010
000543
600979
600845
300375
300643
300639
002561
000931
600290
300843
603733
301211
688551
000526
688669
600221
002404
603595
300750
600867
300300
002444
301155
002592
002516
300165
600329
300623
002777
600108
600480
002418
600161
600328
603016
688600
002370
300760
600811
688513
002483
002542
600755
603803
300246
000878
603696
603667
002260
601588
002734
688550
603596
000031
600754
000411
300370
605088
300555
002043
300030
688211
002885
601398
301215
603739
603983
600032
688655
688363
688280
002539
300918
600758
002049
002827
002821
002395
600128
301198
605399
603883
600138
300608
300270
000876
600675
002702
688337
301057
688098
600469
600539
603396
002705
603298
301236
600508
002911
000993
000650
600567
600515
300454
002193
300635
603895
300220
002687
300328
601169
002682
002923
600971
300988
603313
688686
002504
000661
300603
000756
000581
000523
603031
002463
300852
603070
688030
300231
002789
300679
301026
000953
002984
300218
301153
000531
000598
301207
600295
000679
300476
688518
002491
600022
000528
600456
000681
600158
600093
002134
001318
600479
688001
300327
301022
603719
605299
600847
603260
603516
300205
002598
300834
300013
000856
300342
601233
688019
301053
002030
002315
000020
301065
600316
000680
600729
603727
002048
603355
600887
002419
300135
603587
002722
600291
300334
300402
000595
688633
000923
301023
600090
300374
601388
688060
600528
603258
603098
603900
300726
603726
688178
605058
600080
300868
300993
002289
600159
601999
002949
600104
300833
002622
300979
688336
003036
603987
688625
600322
002037
603378
600516
002856
600502
002239
688607
600009
002398
300400
603867
603197
688202
603557
002624
600881
600575
300562
000613
002374
000417
603766
300697
600059
600448
600272
600557
600795
601800
000999
002221
601595
300736
688383
603885
600691
000498
002841
600782
603200
600058
002434
600692
002270
603566
600400
600121
603196
002778
600853
002684
600697
688239
300929
002887
605169
000936
300423
002765
000928
300968
301037
301248
300147
300950
300077
300805
600101
002294
002367
002990
002549
600238
300554
002028
300855
000333
300955
688733
300650
002566
688072
000625
600572
301036
605305
002996
002351
300681
300412
002427
688386
002086
000006
002523
000717
301199
600408
688722
002244
300653
002524
301268
688093
002464
000519
301156
300480
002801
000607
600372
688016
603838
601699
601606
601689
002235
300138
300388
301039
688316
600383
300387
300102
002538
002484
600222
300916
000670
002925
300749
300801
300948
688089
600620
001208
600015
002396
600877
000950
301113
300565
605155
300716
601225
002368
600587
003031
600053
300283
002729
603122
603993
300103
300057
301112
002679
300427
002390
300995
301110
300700
300758
600187
002726
000403
002545
603836
600590
688279
002015
600119
603979
002481
000502
603505
603496
300820
002903
002307
002597
002714
603358
300800
600612
000035
300481
000721
002061
000669
002695
000422
601101
002921
688220
605033
688210
600039
300211
000713
603093
300111
000506
605339
000037
301056
603816
002178
601916
002327
601311
688300
688068
002451
600985
600420
002019
300883
300523
000089
300286
301162
688559
300864
002350
600354
300019
600020
603648
300262
600886
601163
002445
688662
603081
600103
603980
301058
301002
688155
000572
002122
300379
000046
300839
600303
600728
002222
300826
688309
002698
002369
000838
000990
002773
002610
002730
601869
000573
000835
600216
605318
600787
600495
603688
603773
688190
300119
600255
600608
688182
002354
300253
002296
000688
600962
600610
002273
002460
300573
301024
002017
300900
300730
300919
300029
603239
000568
688596
603159
002266
688170
002556
688015
000983
300482
603208
002011
688333
002609
688017
688285
002676
002565
003027
600149
300449
301129
300902
002584
000698
300228
300940
688661
300910
600731
300641
000039
605577
600973
002576
002112
002056
600100
300101
600276
600803
300636
300148
600337
300235
688329
300438
601015
301160
601988
300503
688103
002521
300888
603689
002517
603520
601611
002572
600804
300797
000821
001205
603385
603613
605589
600611
300723
000932
300901
600859
002956
300065
000061
601019
002373
600807
688067
300825
000708
603109
002057
688169
600207
301206
688175
600467
300456
002053
000012
000906
300737
301168
601012
300532
603706
002204
300771
300305
300092
002110
605011
300713
300564
300284
301116
000806
603030
002121
600628
301017
301150
600719
002586
301217
605018
600821
600350
002095
688233
002365
603456
002940
600765
600367
002210
002155
688209
600699
601231
300703
002890
300791
603390
688297
002943
002334
603136
000620
300878
603308
002528
000068
600466
300294
300676
603069
300261
300365
300534
601900
300582
603881
605228
301191
603010
601658
300552
301259
300897
300648
002495
000623
688218
600706
002863
000007
002044
002103
002123
000668
300779
300016
688176
000050
601528
002185
600019
300430
300912
300957
002587
600302
300617
300225
000886
688038
605377
001266
603499
300838
300598
300783
000587
002433
600919
603600
600075
002891
605289
603227
603668
688516
300258
600036
300645
002285
600809
600641
603321
300583
603893
600841
600486
300296
002581
000672
000545
600449
002161
688095
601330
300669
688127
600365
300558
300418
600938
300465
003000
688800
300935
600624
002979
002059
603801
601886
688276
000430
300249
600917
603365
002616
000610
000720
002746
605177
600035
301185
603787
000837
300895
603088
600196
300230
601187
603685
603002
688106
000088
600741
603877
600977
001270
002737
600444
000828
605488
002847
002791
300505
600489
301069
601766
600118
601991
300674
688165
600239
300416
002219
002875
300003
002868
002560
603565
600243
002826
300444
605208
000410
603880
300943
000603
300215
603085
600576
605003
605167
300877
603101
000615
002678
002383
600547
603324
000630
002187
688585
688196
688115
301086
000897
603191
002750
300442
003029
000972
600166
002271
300516
603331
600267
002701
600428
000539
688396
600621
603708
605133
603909
601179
300316
000800
600865
603556
002900
603327
000752
002599
300068
000678
002382
300563
301003
600386
000799
603013
688207
300921
300932
603038
600366
002867
300439
601456
002360
603518
603186
688786
300166
000930
002971
000656
600707
688050
600071
600665
600895
002401
603005
601128
002884
603335
300129
603700
002859
603076
000776
601880
300725
002468
603185
000416
688579
600081
600888
601500
603168
688616
600605
601106
603933
002188
002447
603131
002501
300250
301001
002880
603996
300458
003005
002845
301302
300880
601068
000599
603858
002795
603558
603286
301019
000833
688711
002248
000045
002753
003007
603444
002241
002811
600894
600307
603155
688129
301127
003026
300856
002069
688636
000779
600565
605162
688528
300506
002780
600129
601607
002361
300126
300470
300269
600369
688018
300202
301131
000510
600581
688286
301029
605500
601066
603301
300649
600779
600548
300654
300694
688020
300460
600654
300463
600477
002414
002721
603768
002496
600038
002507
600817
300607
600478
603066
603043
002802
600525
600822
603686
688558
688229
000066
601939
300436
000813
002492
600343
600712
002740
002626
002796
000851
300432
002097
002991
000860
000554
603903
002251
605319
603917
603345
002718
300550
600749
300194
300088
600649
002573
002430
002366
300345
600143
603992
600830
601107
002238
605138
002102
300881
600834
300622
002978
300130
600718
600532
300197
300274
603277
002020
600629
300939
002819
600778
688679
603569
002899
601598
605286
002776
688057
300731
000759
600673
601236
300133
603588
600615
300265
000810
300474
603991
600674
002983
688077
000400
002108
600023
300349
600843
002363
301067
000062
603199
002186
300632
300390
000711
688588
300989
300667
300155
002788
300124
688568
002683
603617
000786
000898
300162
300647
301158
002420
300673
000421
002864
601669
300517
603035
603655
600909
688569
688390
605080
002297
300302
688586
600664
300248
002387
601390
002852
300145
603027
002191
688697
300772
002104
300042
301220
002557
002842
300422
603132
300034
300492
605298
688110
600523
301068
600392
300579
688310
688228
688225
002621
300580
002304
600500
600846
601882
300097
600751
600702
603616
688510
603806
002869
300862
600141
688099
002455
605598
000725
002407
601326
300212
002109
002487
600653
300898
600941
601868
688298
603315
300314
300872
600297
002076
002139
002972
600861
688595
300854
600133
000520
600409
603871
600497
300515
002743
600883
000778
002950
002195
600111
300857
688213
300853
000010
300457
300494
300310
300656
002246
002895
000538
000540
002768
600348
600540
301070
002072
000617
000597
301050
300810
603786
600739
300243
002785
605020
300073
601002
000921
601188
600113
600592
600029
300074
002409
603033
002917
300191
300535
002081
002025
300037
603995
002665
000636
002585
300922
002342
002916
000722
603028
000544
300339
600107
688683
000628
000863
300994
002336
002399
600077
601696
600555
002291
300670
688013
002046
600279
002035
601138
600170
002913
600157
300778
688166
600662
688122
002317
688565
601788
688045
600301
605016
300380
600563
002992
002209
300355
001319
002886
600885
300041
300134
002806
603729
603711
000665
002930
603605
600072
603318
600744
000915
688567
600063
002690
603927
300281
688399
600774
600490
300263
600589
300626
002403
600746
688268
601798
002775
300891
002671
688556
605116
301078
002216
002148
002479
000566
601608
603690
000596
603551
002951
300297
300373
300818
600345
300508
603133
000038
600960
300190
300271
600155
600252
002723
002340
600824
002540
300755
000565
002333
002166
002303
688079
688526
600810
000529
600879
688566
603006
600491
600025
002211
600260
603000
300182
600351
600726
002648
002751
300739
600262
300292
300326
603279
601016
002190
688022
000966
600869
600012
600780
600176
300976
300035
600309
688192
600981
300599
600353
002787
300885
603757
002715
002882
002634
000715
300585
600030
002861
300507
603139
301159
688320
603297
688171
300628
600213
002862
002158
605122
000949
600242
600235
002745
688185
300369
300790
300710
301007
301187
000702
000069
300809
688776
000671
603839
301213
300952
601137
600870
002085
000021
605507
603717
603022
605258
002083
000789
688660
300889
605259
300986
603096
300698
600761
300177
600246
000959
688557
002378
600918
600969
600685
601108
002202
001206
688197
600236
002454
002948
000551
603519
300953
688097
001914
603822
002218
603332
300719
688167
603969
603128
002533
300184
688226
301148
600131
603876
600318
600415
603680
600839
600007
688119
002866
603559
688159
603959
300578
001227
603899
300409
601811
600866
002162
000997
000639
600435
600896
601818
002571
688670
600936
603421
603071
603060
300167
300519
002465
688538
688389
002883
300925
002959
301063
605118
000517
688305
688699
300780
300727
300007
000150
688533
601929
300933
300356
301015
000548
601168
001308
600655
605378
301062
002522
002154
300195
000888
300012
605288
600716
688219
603223
300693
600423
300466
000019
601098
601366
000971
300666
601515
300733
688767
688369
688234
002512
002713
301000
002800
300015
601009
605300
002506
002843
002008
603079
603567
603021
603198
603886
002230
688357
300720
688323
300638
002514
600017
002436
002945
002656
601600
000576
600021
002127
603001
000723
603363
603707
688012
603978
605168
600507
601678
000063
603203
002267
002815
002107
605098
600708
002376
600271
003032
600906
688663
300542
301123
301091
000892
603169
001289
600037
300504
002660
603083
002295
600970
002732
301235
300357
688701
688270
300837
600604
002281
000507
002767
688216
301189
001316
000889
300008
601908
300426
000608
600633
688193
002302
603272
688063
688321
603189
000582
000547
600724
300722
688076
603998
002082
002667
000929
002969
688288
002448
000908
300899
000912
688287
300812
600425
003008
600871
605588
603416
300251
600760
002319
300816
600241
603956
601258
600640
600482
688348
600146
600876
001212
002987
601126
301258
300767
002078
601996
601668
000927
688728
000750
002669
300972
601858
600306
300920
603439
688659
000503
300556
001979
600325
002068
600251
300319
605081
300956
605186
000797
600776
600446
002060
600730
603003
000829
002313
688029
300058
002808
300189
300318
301038
603041
603920
000404
601369
600505
002973
002578
002232
003020
002264
300399
002719
301079
002836
002443
603015
000426
300999
300451
601001
300747
600237
300087
002668
600546
002589
603259
603160
002093
000836
603108
003025
300591
000025
300906
601339
301043
600651
000732
300847
001228
603982
603529
300721
002535
603042
002410
688023
688553
603843
688328
002173
688788
002137
300094
600666
300575
600173
002341
300930
000402
002942
603716
301073
002392
002577
600051
002877
601866
600388
300682
605006
688500
603511
000893
002152
002688
688062
300376
002256
002889
300569
300611
600860
003009
300695
001268
605338
688326
688308
000663
300446
000988
300157
605158
002234
603329
600993
002503
002993
600298
605388
601825
688520
600299
002912
688707
002758
000839
605179
300410
002400
002397
603488
605369
600287
601008
002284
300959
002568
688108
688799
002226
301006
603111
601238
601118
300172
600808
600710
001202
000726
688385
300861
688090
300832
600601
000976
300027
603610
300295
300108
002741
600696
301076
002157
600781
688306
002243
301179
688277
300394
300978
003022
002423
002600
600768
603220
688101
002541
600763
300478
002965
601058
001234
600461
600682
300363
600198
603326
000755
002482
300803
000822
300203
600603
002116
600988
301221
300699
688378
688232
002631
688010
002531
300568
000002
300489
002494
600331
300662
002518
002638
603429
601113
603026
003015
002707
002908
600826
002355
603659
603898
300079
600789
688505
600410
300170
002630
300459
300207
002574
300619
300329
300792
300150
300078
300161
600851
600203
601566
605066
688356
600844
600429
002611
300083
600732
001317
002052
002803
301151
002457
603230
601005
601599
600054
300633
600996
300615
000632
002653
300181
688599
002835
300757
002247
002438
600217
002896
603928
603633
000605
601857
300023
688327
002823
300487
601969
002165
300222
603725
600163
300814
002459
600893
002486
600727
601963
002915
603215
600356
002963
603777
603811
688028
002205
002425
688677
603955
002453
300304
605180
000017
000530
300577
600997
603606
002196
300752
002320
603288
000712
600227
002615
603383
603009
000153
603336
603819
300742
688269
300876
000887
300396
002756
600573
300907
002657
002300
603759
688338
688049
000977
600137
002412
000848
600606
600178
688256
001218
002588
300136
603989
603359
000559
688628
603078
600496
603949
601116
002927
688789
002290
600416
601156
603568
688081
002233
300807
300260
300630
300289
300841
600185
002470
000909
603320
300354
002952
301042
603922
603322
002029
002286
300321
002563
002613
002283
600127
000961
603737
600319
003010
600999
600868
603778
000651
601616
002543
600151
300576
000751
689009
301102
300531
002316
300276
002099
300054
603408
300909
002105
600256
002075
300272
002128
603369
002595
002612
600506
603636
601918
601208
688456
688151
301190
300208
600616
600211
603102
601975
688199
688230
000593
002055
603901
002769
688157
002508
300759
600436
600150
300655
300811
000612
600070
002114
300433
300206
603758
002691
000040
300303
600820
688667
600060
300051
000659
688272
000637
600984
300123
600387
688136
300652
002174
300787
000677
603937
603699


